1500411971 1
1500412226 2
1500412309 3
1500412355 4
1500412418 5
1500412606 6
1500412826 7
1500412938 8
1500412999 9
1500413045 10
1500413225 11
1500413728 12
1500413817 13
1500413953 14
1500413995 15
1500414020 16
1500414362 17
1500414542 18
1500414985 19
1500414999 20
1500415289 21
1500415317 22
1500415359 23
1500415506 24
1500415656 25
1500415875 26
1500448713 27
1500448935 28
1500450377 29
1500451076 30
1500451118 31
1500451168 32
1500451193 33
1500451303 34
1500451371 35
1500451440 36
1500451458 37
1500461589 38
1500461623 39
1500461735 40
1500461925 41
1500461979 42
1500461996 43
1500462224 44
1500462337 45
1500462357 46
1500462451 47
1500462542 48
1500462739 49
1500462928 50
1500541256 51
1500541311 52
1500541398 53
1500541568 54
1500541633 55
1500541695 56
1500542247 57
1500542307 58
1500542379 59
1500542455 60
1500553210 61
1500553521 62
1500553660 63
1500554790 64
1500554846 65
1500555714 66
1500555743 67
1500555968 68
1500556215 69
1500556896 70
1500557477 71
1500557563 72
1500557609 73
1500557669 74
1500557703 75
1500557801 76
1500558216 77
1500558295 78
1500558550 79
1500558688 80
1500558746 81
1500558910 82
1500559074 83
1500559271 84
1500559354 85
1500559377 86
1500561446 87
1500566513 88
1500567832 89
1500568131 90
1500568394 91
1500568684 92
1500569498 93
1500569610 94
1500569982 95
1500570312 96
1500570474 97
1500570630 98
1500571312 99
1500571464 100
1500572855 101
1500572974 102
1500573041 103
1500576483 104
1500576622 105
1500576637 106
1500576727 107
1500576832 108
1500576851 109
1500578979 110
1500580103 111
1500580319 112
1500580709 113
1500581300 114
1500581454 115
1500582738 116
1500582777 117
1500582859 118
1500582903 119
1500583084 120
1500583126 121
1500584053 122
1500585205 123
1500590700 124
1500590713 125
1500592140 126
1500592229 127
1500592386 128
1500592617 129
1500592770 130
1500592978 131
1500593135 132
1500593226 133
1500593278 134
1500593723 135
1500593840 136
1500593936 137
1500620590 138
1500621902 139
1500623650 140
1500624119 141
1500624457 142
1500624613 143
1500624814 144
1500625224 145
1500625351 146
1500625535 147
1500625557 148
1500626596 149
1500626759 150
1500631114 151
1500631867 152
1500632536 153
1500632800 154
1500633958 155
1500634043 156
1500634955 157
1500635013 158
1500635966 159
1500644633 160
1500672746 161
1500672765 162
1500756106 163
1500756443 164
1500818453 165
1500919917 166
1501002354 167
1501003698 168
1501004248 169
1501004275 170
1501004937 171
1501007901 172
1501008184 173
1501008357 174
1501008606 175
1501008969 176
1501009056 177
1501009112 178
1501009155 179
1501009289 180
1501009357 181
1501009530 182
1501010556 183
1501011008 184
1501011268 185
1501011309 186
1501011410 187
1501011442 188
1501011749 189
1501056242 190
1501056918 191
1501056964 192
1501057014 193
1501057185 194
1501057215 195
1501060615 196
1501062936 197
1501074201 198
1501074461 199
1501074652 200
1501074788 201
1501074882 202
1501075206 203
1501075373 204
1501075450 205
1501078911 206
1501079410 207
1501079470 208
1501079605 209
1501418131 210
1501418283 211
1501418537 212
1501418718 213
