1500411971 1668
1500412226 1675
1500412309 1689
1500412355 1692
1500412418 1696
1500412606 1696
1500412826 1711
1500412938 1721
1500412999 1723
1500413045 1726
1500413225 1735
1500413728 1736
1500413817 1737
1500413953 1738
1500413995 1739
1500414020 1740
1500414362 1762
1500414542 1785
1500414985 1789
1500414999 1789
1500415289 1807
1500415317 1808
1500415359 1810
1500415506 1831
1500415656 1863
1500415875 1864
1500448713 1868
1500448935 1869
1500450377 1952
1500451076 1959
1500451118 1959
1500451168 2118
1500451193 2118
1500451303 2191
1500451371 2200
1500451440 2201
1500451458 2201
1500461589 2202
1500461623 2205
1500461735 2206
1500461925 2219
1500461979 2225
1500461996 2227
1500462224 2240
1500462337 2244
1500462357 2244
1500462451 2249
1500462542 2255
1500462739 2258
1500462928 2260
1500541256 2264
1500541311 2272
1500541398 2274
1500541568 2275
1500541633 2278
1500541695 2279
1500542247 2281
1500542307 2282
1500542379 2288
1500542455 2293
1500553210 2298
1500553521 2302
1500553660 2307
1500554790 2309
1500554846 2312
1500555714 2364
1500555743 2365
1500555968 2375
1500556215 2393
1500556896 2397
1500557477 2401
1500557563 2404
1500557609 2405
1500557669 2406
1500557703 2408
1500557801 2409
1500558216 2416
1500558295 2419
1500558550 2425
1500558688 2430
1500558746 2432
1500558910 2435
1500559074 2435
1500559271 2435
1500559354 2437
1500559377 2438
1500561446 2439
1500566513 2458
1500567832 2477
1500568131 2479
1500568394 2483
1500568684 2488
1500569498 2495
1500569610 2496
1500569982 2501
1500570312 2502
1500570474 2503
1500570630 2511
1500571312 2512
1500571464 2515
1500572855 2550
1500572974 2553
1500573041 2555
1500576483 2556
1500576622 2557
1500576637 2557
1500576727 2559
1500576832 2589
1500576851 2590
1500578979 2601
1500580103 2606
1500580319 2609
1500580709 2620
1500581300 2628
1500581454 2630
1500582738 2643
1500582777 2645
1500582859 2648
1500582903 2652
1500583084 2654
1500583126 2655
1500584053 3323
1500585205 3435
1500590700 3435
1500590713 3435
1500592140 3455
1500592229 3469
1500592386 3475
1500592617 3482
1500592770 3490
1500592978 3501
1500593135 3509
1500593226 3513
1500593278 3517
1500593723 3520
1500593840 3522
1500593936 3524
1500620590 3525
1500621902 3545
1500623650 3549
1500624119 3560
1500624457 3584
1500624613 3593
1500624814 3596
1500625224 3609
1500625351 3612
1500625535 3618
1500625557 3621
1500626596 3632
1500626759 3637
1500631114 3644
1500631867 3650
1500632536 3659
1500632800 3664
1500633958 3665
1500634043 3666
1500634955 3671
1500635013 3672
1500635966 3702
1500644633 3705
1500672746 3709
1500672765 3710
1500756106 3714
1500756443 3722
1500818453 3727
1500919917 3728
1501002354 3729
1501003698 3738
1501004248 3739
1501004275 3739
1501004937 3739
1501007901 3742
1501008184 3751
1501008357 3757
1501008606 3758
1501008969 3760
1501009056 3762
1501009112 3763
1501009155 3764
1501009289 3773
1501009357 3775
1501009530 3779
1501010556 3787
1501011008 3791
1501011268 3799
1501011309 3800
1501011410 3803
1501011442 3804
1501011749 3805
1501056242 3807
1501056918 3815
1501056964 3817
1501057014 3819
1501057185 3829
1501057215 3830
1501060615 3845
1501062936 3845
1501074201 3847
1501074461 3851
1501074652 3854
1501074788 3856
1501074882 3858
1501075206 3869
1501075373 3871
1501075450 3873
1501078911 3877
1501079410 3878
1501079470 3879
1501079605 3885
1501418131 3886
1501418283 3887
1501418537 3892
1501418718 3901
