1500411971 1668
1500412226 1675
1500412309 1689
1500412355 1692
1500412418 1694
1500412606 1053
1500412826 1062
1500412938 1060
1500412999 1060
1500413045 1061
1500413225 1059
1500413728 1059
1500413817 1059
1500413953 1059
1500413995 1059
1500414020 1059
1500414362 1059
1500414542 1060
1500414985 1064
1500414999 1063
1500415289 1064
1500415317 1064
1500415359 1039
1500415506 1045
1500415656 1077
1500415875 1077
1500448713 1081
1500448935 1082
1500450377 1146
1500451076 1116
1500451118 1115
1500451168 1274
1500451193 1274
1500451303 1237
1500451371 1237
1500451440 1237
1500451458 1078
1500461589 1074
1500461623 1076
1500461735 1076
1500461925 1086
1500461979 1089
1500461996 1089
1500462224 1096
1500462337 1096
1500462357 1094
1500462451 1096
1500462542 1100
1500462739 1102
1500462928 1103
1500541256 1103
1500541311 1111
1500541398 1112
1500541568 1112
1500541633 1115
1500541695 1115
1500542247 1115
1500542307 1115
1500542379 1120
1500542455 1122
1500553210 1123
1500553521 1127
1500553660 1130
1500554790 1130
1500554846 1132
1500555714 1168
1500555743 1169
1500555968 1152
1500556215 1140
1500556896 1142
1500557477 1142
1500557563 1142
1500557609 1142
1500557669 1142
1500557703 1142
1500557801 1142
1500558216 1142
1500558295 1142
1500558550 1145
1500558688 1145
1500558746 1145
1500558910 1145
1500559074 1144
1500559271 1144
1500559354 1146
1500559377 1146
1500561446 1146
1500566513 1165
1500567832 1180
1500568131 1179
1500568394 1176
1500568684 1179
1500569498 1186
1500569610 1186
1500569982 1183
1500570312 1182
1500570474 1181
1500570630 1185
1500571312 1185
1500571464 1187
1500572855 1193
1500572974 1193
1500573041 1193
1500576483 1183
1500576622 1183
1500576637 1183
1500576727 1185
1500576832 1215
1500576851 1215
1500578979 1223
1500580103 1226
1500580319 1226
1500580709 1231
1500581300 1232
1500581454 1232
1500582738 1237
1500582777 1237
1500582859 1236
1500582903 1236
1500583084 1236
1500583126 1236
1500584053 1904
1500585205 2016
1500590700 1904
1500590713 1236
1500592140 1251
1500592229 1265
1500592386 1267
1500592617 1270
1500592770 1273
1500592978 1273
1500593135 1272
1500593226 1272
1500593278 1272
1500593723 1273
1500593840 1273
1500593936 1273
1500620590 1273
1500621902 1263
1500623650 1265
1500624119 1273
1500624457 1274
1500624613 1280
1500624814 1276
1500625224 1278
1500625351 1279
1500625535 1279
1500625557 1279
1500626596 1281
1500626759 1281
1500631114 1278
1500631867 1282
1500632536 1282
1500632800 1282
1500633958 1283
1500634043 1284
1500634955 1284
1500635013 1284
1500635966 1302
1500644633 1304
1500672746 1307
1500672765 1307
1500756106 1310
1500756443 1314
1500818453 1314
1500919917 1313
1501002354 1313
1501003698 1319
1501004248 1319
1501004275 1319
1501004937 1319
1501007901 1321
1501008184 1321
1501008357 1321
1501008606 1321
1501008969 1322
1501009056 1322
1501009112 1322
1501009155 1322
1501009289 1330
1501009357 1330
1501009530 1329
1501010556 1329
1501011008 1329
1501011268 1329
1501011309 1329
1501011410 1329
1501011442 1329
1501011749 1329
1501056242 1329
1501056918 1335
1501056964 1335
1501057014 1335
1501057185 1341
1501057215 1341
1501060615 1343
1501062936 1342
1501074201 1344
1501074461 1346
1501074652 1345
1501074788 1345
1501074882 1345
1501075206 1349
1501075373 1349
1501075450 1349
1501078911 1349
1501079410 1349
1501079470 1348
1501079605 1350
1501418131 1351
1501418283 1351
1501418537 1354
1501418718 1355
